0030481321005 IED001 0.0 44
0030481521001 ISI002 6.0 0
0030481521002 ISI002 2.5 24
0030481521037 ISI002 6.5 8
0030481311008 ESW002 0.0 44
0030481511008 ISI002 0.5 20
0030481423009 CDI002 0.0 40
0030481521006 CDI001 0.0 36
0030481521007 ISI002 2.5 4
0030481521009 ESW002 0.0 48
0030481521010 CDI001 2.5 0
0030481521011 CDI002 6.5 4
0030481521012 ISI002 1.5 14
0030481521013 CDI002 6.0 0
0030481321018 IBD004 0.0 52
0030481521016 CDI001 0.5 12
0030481221028 CDI002 0.0 60
0030481521018 CDI002 6.0 0
0030481423017 CDI001 0.0 40
0030481521021 IBD004 6.0 8
0030481521022 IED001 5.5 0
0030481311026 CDI002 0.0 60
0030481521024 CDI002 0.0 24
0030481521025 ESW002 4.5 4
0030481511023 ESW002 3.0 0
0030481521028 CDI002 5.5 0
0030481511030 ESW002 2.0 18
0030481521032 CDI002 2.5 8
0030481521033 CDI002 6.5 10
0030481511037 IED001 3.5 0
0030481521034 CDI001 6.0 0
0030481221011 ISI002 0.0 60
0030481511038 CDI002 0.0 60
-1
CDI002
ISI002
IBD004
ESW002
IED001
CDI001
-1
